2.47723 1.6746 0.00836384
2.34887 1.53572 0.0308131
2.32699 1.51148 0.041433
2.32463 1.5219 0.0257761
2.29506 1.54991 0.0682743
2.37197 1.522 0.0474374
2.3069 1.54421 0.0336024
2.31618 1.55198 0.0411788
2.32883 1.48625 0.0575289
2.33932 1.53811 0.0200543
2.26938 1.55498 0.0309992
2.33101 1.54466 0.110072
2.33721 1.54129 0.0375926
2.33721 1.54129 0.0163265
2.317 1.51463 0.0583515
2.34631 1.56644 0.027853
2.32081 1.51758 0.0359496
2.32372 1.52396 0.0189738
2.31761 1.49208 0.0731889
2.29339 1.52746 0.0665873
2.35306 1.52591 0.0366604
2.33942 1.50523 0.0555672
2.32536 1.51754 0.0343448
2.32323 1.56536 0.037596
2.31474 1.53581 0.0424229
2.31474 1.53581 0.0143815
2.34496 1.52841 0.0658847
2.30702 1.48584 0.0320302
2.40927 1.54903 0.0247766
2.27052 1.54778 0.0502358
2.3213 1.55742 0.0197308
2.3213 1.55742 0.0115295
2.32571 1.55564 0.0697919
2.3206 1.50572 0.0189962
2.36895 1.57851 0.068135
2.2884 1.52118 0.0391337
2.30359 1.54426 0.07925
2.31704 1.57656 0.0214352
2.3563 1.54827 0.0358187
2.35201 1.52438 0.0466688
2.32291 1.60339 0.0622106
2.35118 1.62256 0.048448
2.3554 1.64256 0.0411339
2.3554 1.64256 0.0152642
2.336 1.6893 0.0477241
2.3432 1.71218 0.0471174
2.37454 1.78632 0.0392227
2.38947 1.82868 0.085608
2.35558 1.79875 0.017685
2.37371 1.88391 0.0893424
2.33928 1.89565 0.0426006
2.32805 1.90221 0.0478318
2.39531 1.94831 0.0777223
2.35067 1.93505 0.0361228
2.38922 2.02389 0.0815742
2.35755 2.02503 0.0394436
2.37692 2.02405 0.119018
2.4179 2.09355 0.0440281
2.42359 2.10046 0.0136535
2.31188 2.12084 0.0542575
2.42294 2.17249 0.0296199
2.3813 2.21085 0.0790878
2.43452 2.22378 0.0449714
2.36286 2.24998 0.0396014
2.45364 2.30546 0.0627167
2.41153 2.33788 0.039659
2.40424 2.39832 0.0793304
2.37438 2.41036 0.0502871
2.45795 2.47904 0.0936622
2.44444 2.48454 0.0455258
2.46907 2.5163 0.0130089
2.44928 2.48374 0.0845351
2.41652 2.57712 0.0365414
2.42837 2.57802 0.0427367
2.44352 2.62768 0.0705167
2.49311 2.62479 0.0477491
2.38262 2.94309 0.0279274
2.48068 2.73186 0.0809385
2.44181 2.72291 0.0203404
2.42473 2.79168 0.153708
2.48946 2.76852 0.0443934
2.47442 2.8424 0.0143116
2.4167 2.83454 0.107126
2.42597 2.96598 0.094591
2.48142 2.95507 0.0608624
2.49103 2.99844 0.0189538
2.50838 3.02843 0.124151
2.56538 3.07737 0.051541
2.47634 3.14957 0.0618809
2.57891 3.21518 0.0363736
2.52806 3.19065 0.0311849
2.51947 3.24204 0.0787142
2.49872 3.26472 0.0431199
2.51268 3.29836 0.0350289
2.53832 3.34472 0.0618033
2.5656 3.4129 0.0311231
2.53719 3.41565 0.0397757
2.58824 3.50386 0.0844416
2.56121 3.47334 0.0371457
2.54979 3.51041 0.0640443
2.55572 3.53692 0.0658736
2.54594 3.56648 0.0735882
2.5827 3.57902 0.0438417
2.60482 3.60272 0.0139691
2.55682 3.63725 0.070313
2.56083 3.68922 0.0499736
2.59014 3.7511 0.0883025
2.54354 3.76638 0.105655
2.58358 3.81795 0.0219399
2.62083 3.80733 0.0504834
2.60729 3.85363 0.0596304
2.62183 3.88404 0.0192134
2.5995 3.88987 0.0238417
2.62608 3.99031 0.183654
2.62061 3.97705 0.119844
2.58795 4.02589 0.103993
2.60067 4.05714 0.117269
2.61173 4.14075 0.0591614
2.6179 4.20637 0.156554
2.64888 4.23341 0.111632
2.65634 4.31812 0.0209454
2.65708 4.30568 0.10265
2.66452 4.28992 0.0351679
2.67584 4.39674 0.0772273
2.63926 4.41132 0.0676719
2.65367 4.4322 0.0348638
2.63341 4.45237 0.0129807
2.68622 4.53557 0.0444773
2.64179 4.52096 0.0650708
2.62218 4.58103 0.0533563
2.72943 4.62398 0.122908
2.68139 4.60877 0.0429989
2.69057 4.6592 0.0330793
2.71108 4.70644 0.0682023
2.65225 4.71084 0.0572813
2.70777 4.78907 0.0539676
2.69406 4.82603 0.0821446
2.70668 4.80529 0.0515862
2.68871 4.81514 0.0995752
2.71033 4.87499 0.0382099
2.67773 4.86669 0.0732557
2.70525 4.90521 0.0685005
2.67927 4.92518 0.0641347
2.72449 4.98345 0.0244042
2.74661 5.03725 0.0971186
2.74709 5.05685 0.0189487
2.68044 5.02828 0.0753302
2.71784 5.11139 0.0391787
2.7549 5.18524 0.0260869
2.72923 5.16069 0.0320509
2.73205 5.22458 0.0696906
2.76896 5.19953 0.0504056
2.77235 5.27512 0.0777602
2.73824 5.28914 0.0461942
2.75318 5.35351 0.0574453
2.82759 5.37458 0.0658243
2.80105 5.35466 0.0496906
2.80549 5.40239 0.052099
2.76507 5.4229 0.0319988
2.86074 5.45153 0.0758448
2.7984 5.45112 0.0335184
2.82929 5.53617 0.0903276
2.92075 5.5396 0.031099
2.85263 5.60775 0.077102
2.87163 5.5582 0.0355395
2.93151 5.63811 0.0741587
2.88537 5.61433 0.0355308
2.86536 5.67428 0.0860287
2.93531 5.72079 0.0163174
2.9902 5.74375 0.0276813
2.91679 5.74572 0.0361502
2.86095 5.77251 0.0342664
2.92131 5.79692 0.0777045
2.89333 5.80035 0.0467711
2.95333 5.85277 0.0867296
2.9142 5.87241 0.036873
2.94869 5.96093 0.0631867
2.95484 5.97001 0.0434688
2.94613 5.9602 0.0618226
2.95114 6.0412 0.0395074
2.87006 6.0332 0.0809008
2.92311 6.05784 0.0176388
2.93188 6.12229 0.0763149
2.91534 6.17666 0.0308917
2.95984 6.10735 0.0722294
2.95333 6.21359 0.0387394
2.95232 6.23848 0.0752945
2.92983 6.23801 0.0396204
2.94132 6.30314 0.0856946
2.96179 6.31923 0.0398644
2.9337 6.37945 0.0329361
2.97897 6.38239 0.0866463
2.97751 6.44293 0.0104452
3.00822 6.45181 0.0679867
2.98462 6.4854 0.0361286
3.01797 6.50862 0.107446
2.97582 6.52019 0.041222
3.05938 6.59399 0.0546531
2.99791 6.64278 0.0601067
2.98547 6.60081 0.088162
3.01573 6.60713 0.0171062
3.01212 6.6944 0.0945198
3.04822 6.70709 0.0192908
3.05247 6.73812 0.0616126
3.02296 6.74971 0.0419913
3.03863 6.79089 0.0367706
3.01875 6.80594 0.0840711
3.07297 6.84391 0.0366451
3.09259 6.90851 0.0777652
3.03218 6.9283 0.0374511
3.04529 6.98619 0.0846004
3.05219 6.97607 0.0403035
3.06463 6.98075 0.0423957
3.10328 7.07557 0.0616655
3.08495 7.0668 0.0542713
3.07306 7.06369 0.0619959
3.05331 7.12944 0.0416394
3.0758 7.17548 0.0731289
3.11497 7.17891 0.0572556
3.12011 7.25378 0.0531194
3.12568 7.25411 0.0589151
3.14892 7.2903 0.0677697
3.1012 7.3042 0.0437596
3.08925 7.29998 0.0595396
3.12023 7.36088 0.0589226
3.13889 7.36117 0.0489555
3.1466 7.47107 0.0829176
3.13019 7.39982 0.0208974
3.14847 7.51351 0.109592
3.13732 7.53115 0.0339918
3.14367 7.53513 0.0727268
3.18634 7.56833 0.053316
3.17814 7.59662 0.0845842
3.11516 7.43956 0.0136516
3.19512 7.61625 0.123335
3.21292 7.65653 0.0335411
3.18467 7.67862 0.0383769
3.20443 7.72842 0.105575
3.23227 7.75145 0.0332714
3.18702 7.82209 0.0350128
3.20861 7.78427 0.106177
3.20178 7.84838 0.0362582
3.21867 7.93706 0.0650934
3.21879 7.90102 0.0597863
3.2378 7.95452 0.0618079
3.22712 7.99878 0.028276
3.21915 8.00588 0.077263
3.23601 8.03051 0.0396575
3.23161 8.03042 0.0571648
3.26794 8.073 0.0369484
3.20696 8.13558 0.0813801
3.30894 8.12998 0.0167514
3.30296 8.17043 0.105206
3.26187 8.18604 0.0346487
3.30515 8.23646 0.0468121
3.269 8.32263 0.0978989
3.34382 8.30461 0.0337772
3.31091 8.33194 0.0716551
3.28897 8.38859 0.0865596
3.32686 8.40662 0.0357369
3.32451 8.4296 0.0472276
3.31417 8.47195 0.0653434
3.3424 8.46723 0.0650184
3.30898 8.52786 0.077785
3.33041 8.574 0.055522
3.4038 8.5931 0.0753773
3.33875 8.62887 0.0374146
3.38099 8.6349 0.0937879
3.36683 8.67332 0.0325608
3.37944 8.71852 0.0540439
3.41631 8.69175 0.0539579
3.34376 8.7751 0.0387093
3.46339 8.86727 0.0600432
3.38693 8.81219 0.0455835
3.41512 8.83699 0.0758623
3.44162 8.89937 0.0522635
3.40055 8.90514 0.0693465
3.39264 8.94044 0.0259999
3.40324 8.95548 0.0723547
3.44133 8.94843 0.0551046
3.48158 9.06373 0.0647287
3.43519 9.09182 0.0587235
3.48382 9.09762 0.0680658
3.46759 9.12503 0.0382653
3.48116 9.14481 0.0681781
3.48374 9.18256 0.0363178
3.51108 9.22242 0.0573998
3.46443 9.25107 0.0518997
3.46154 9.23728 0.0547661
3.49911 9.29305 0.0310152
3.47988 9.28892 0.0638635
3.47513 9.29377 0.0635212
3.53173 9.32538 0.0540124
3.50579 9.27574 0.0361973
3.54663 9.28988 0.055411
3.43719 9.27656 0.0706334
3.50061 9.28164 0.0400096
3.4785 9.27289 0.0521921
3.49669 9.27258 0.0247563
3.49823 9.2875 0.101061
3.47174 9.30832 0.0301392
3.4902 9.25598 0.0657919
3.47955 9.29635 0.0369572
3.49139 9.28046 0.0936326
3.50239 9.30805 0.0328016
3.5209 9.33232 0.118684
3.52862 9.31731 0.0311272
3.48564 9.28702 0.0420217
3.47514 9.26592 0.0743133
3.47843 9.32768 0.0681664
3.50295 9.30572 0.0185916
3.53811 9.25062 0.0630462
3.49999 9.2611 0.0523332
3.47839 9.32564 0.0594292
3.52726 9.32023 0.0438363
3.52027 9.33607 0.0516195
3.47288 9.30281 0.0386503
3.53141 9.2987 0.0841375
3.47709 9.30261 0.0378956
3.41911 9.34239 0.0560767
3.4771 9.30027 0.0402687
3.48644 9.29204 0.0359815
3.46327 9.34357 0.0589973
3.4462 9.34763 0.0519641
3.50072 9.38317 0.0427128
3.51315 9.36574 0.108943
3.52355 9.42528 0.016259
3.49741 9.41558 0.0526412
3.51634 9.42273 0.0562367
3.54043 9.46183 0.0580922
3.52803 9.44823 0.0931888
3.52009 9.51868 0.0337201
3.52585 9.56926 0.0694401
3.55752 9.56784 0.0566111
3.5547 9.56448 0.035996
3.59465 9.60402 0.0799579
3.5734 9.62945 0.0465715
3.56141 9.60753 0.0425935
3.57 9.62546 0.0296475
3.61121 9.66382 0.104965
3.58801 9.6956 0.0372208
3.62687 9.63977 0.083152
3.57988 9.70845 0.03473
3.58969 9.70346 0.100501
3.61624 9.73654 0.0352914
3.59935 9.75394 0.0733511
3.59331 9.7762 0.0482415
3.57394 9.795 0.053147
3.55783 9.81891 0.0496344
3.58413 9.82404 0.0321518
3.61025 9.83918 0.0906572
3.60444 9.82286 0.0216336
3.57356 9.83525 0.0710666
3.6148 9.83153 0.0385528
3.593 9.85989 0.0744297
3.60143 9.86922 0.0391733
3.57739 9.85761 0.0738462
3.62781 9.86895 0.0564532
3.56616 9.88686 0.053474
3.61905 9.931 0.0335723
3.6236 9.98761 0.0282479
3.60422 10.045 0.0375797
3.67136 10.0749 0.0593536
3.61047 10.0673 0.0449307
3.60507 10.1153 0.0389495
3.60513 10.1352 0.0328731
3.65459 10.2027 0.0721128
3.622 10.1818 0.0365957
3.59516 10.2127 0.122411
3.59676 10.2257 0.0375522
3.62863 10.2556 0.0455604
3.66806 10.3377 0.0371571
3.66736 10.3294 0.0836137
3.62955 10.339 0.0347675
3.64991 10.4133 0.0701644
3.61839 10.4454 0.0186128
3.68006 10.49 0.0218815
3.57768 10.474 0.261654
3.63729 10.5348 0.102575
3.60261 10.6126 0.0182321
3.57554 10.5994 0.0325654
3.49607 10.5603 0.0134225
3.5664 10.6473 0.0440379
3.59538 10.7196 0.0698443
3.61425 10.677 0.0652473
3.58176 10.7878 0.160861
3.47387 10.7464 0.0161547
3.54204 10.8505 0.0338118
3.57143 10.8413 0.0661053
3.69495 10.7001 0.0190261
3.63127 10.7933 0.0206424
3.55926 10.9361 0.037254
3.31987 10.8757 0.0151921
3.21538 10.8107 0.0288357
3.36093 10.8307 0.0240518
3.46545 11.0041 0.189282
3.45901 11.166 0.0726021
3.44619 11.1652 0.0195247
3.54706 10.8937 0.0130866
3.38494 10.8775 0.0213118
3.27618 11.1756 0.0896434
3.333 11.0792 0.0146946
3.333 11.0792 0.0152421
3.35999 11.4199 0.118186
3.08853 11.4108 0.0128992
3.24125 11.4933 0.0139511
3.0528 11.4052 0.0280749
3.30025 11.4546 0.0252444
3.4488 11.5401 0.01898
3.40517 11.6316 0.0333926
3.27585 11.5529 0.0699505
3.27439 11.5457 0.0422602
3.22412 11.3355 0.0379437
3.01579 11.3295 0.0263978
3.16367 11.4534 0.0275143
3.19352 11.6127 0.107769
3.11147 11.4567 0.0138468
2.96057 11.5792 0.0155127
3.15499 11.8021 0.119674
3.05388 11.7345 0.070332
3.07336 11.7887 0.0561209
3.05097 11.4716 0.0138452
3.00802 11.7912 0.362442
3.10018 11.6521 0.0169676
2.92782 11.7308 0.0304353
2.94469 11.6357 0.037397
2.68969 11.5727 0.0237113
2.72795 11.72 0.0407329
2.86643 11.7114 0.0371255
2.7028 11.7211 0.0260812
2.84441 11.6473 0.0573131
2.77594 11.9901 0.375644
2.64938 12.074 0.0692912
2.6047 12.2444 0.123522
2.58676 12.2617 0.0487915
2.59113 12.2871 0.0515152
2.55753 12.2841 0.0546534
2.53381 12.2646 0.0281969
2.47396 12.2982 0.0541888
2.45298 12.3187 0.0823246
2.41405 12.3614 0.0421285
2.39813 12.3467 0.0311774
2.36038 12.3472 0.0469277
2.32932 12.3561 0.0323856
2.31402 12.3389 0.122783
2.28541 12.3838 0.0419743
2.21842 12.4134 0.0374335
2.19214 12.3635 0.066438
2.19974 12.4565 0.0428655
2.1309 12.4051 0.0426809
2.11429 12.4331 0.0826592
2.1029 12.4614 0.0654167
2.0463 12.4491 0.0710948
2.0033 12.4412 0.0385433
2.01462 12.5075 0.0312905
1.94139 12.4578 0.0465333
1.89957 12.421 0.0679858
1.91167 12.4651 0.0502693
1.84785 12.4123 0.0436811
1.86162 12.5019 0.0275862
1.78482 12.4687 0.0413302
1.79081 12.4379 0.0661796
1.7253 12.4728 0.0253991
1.71724 12.4535 0.0977067
1.68798 12.4731 0.0493382
1.6286 12.5005 0.0859747
1.56232 12.4819 0.0185858
1.56163 12.4939 0.0943574
1.54189 12.5123 0.0345735
1.4797 12.5507 0.0565053
1.4516 12.5 0.0696622
1.46593 12.5593 0.0293972
1.3923 12.5461 0.0786465
1.38912 12.5505 0.0324894
1.3604 12.5625 0.0961476
1.28959 12.5718 0.0314659
1.24971 12.5634 0.0674578
1.25029 12.5291 0.0645341
1.24474 12.5858 0.0379091
1.22911 12.5966 0.0551049
1.13362 12.556 0.0734091
1.11775 12.5615 0.0680418
1.08755 12.6007 0.0683694
1.1144 12.5567 0.153438
1.04161 12.5527 0.0923264
1.00855 12.5937 0.0370978
1.01433 12.5784 0.0341886
0.966242 12.5749 0.0889381
0.955332 12.5833 0.0861631
0.879953 12.5651 0.0861078
0.899183 12.5758 0.0877189
0.825255 12.5826 0.036017
0.792487 12.5738 0.182191
0.752203 12.5817 0.127786
0.712328 12.5789 0.0181605
0.624023 12.5227 0.140375
0.65367 12.5611 0.110689
0.617462 12.5252 0.0779242
0.594224 12.5571 0.0184872
0.561115 12.5153 0.106286
0.533399 12.5236 0.0920498
0.414599 12.5017 0.0475224
0.384625 12.5056 0.128008
0.371121 12.5348 0.113474
0.382992 12.5254 0.0162302
0.288421 12.512 0.0329328
0.284123 12.5067 0.0549618
0.25305 12.5263 0.0579708
0.218987 12.5519 0.15779
0.165191 12.5338 0.0177487
0.127833 12.538 0.041868
0.0843733 12.5162 0.0573695
0.0936008 12.4684 0.0503966
0.0491844 12.5285 0.0201529
0.0112362 12.4945 0.0657787
0.00188445 12.526 0.0292931
-0.0776248 12.4636 0.0438787
-0.0914022 12.4697 0.110218
-0.083544 12.4219 0.0325577
-0.127427 12.4632 0.0996242
-0.148727 12.443 0.0169003
-0.139669 12.458 0.077853
-0.212644 12.4015 0.0667685
-0.275457 12.4428 0.0663938
-0.308055 12.4331 0.0670189
-0.291334 12.4218 0.109176
-0.369468 12.3964 0.0451032
-0.295596 12.1188 0.013538
-0.226891 12.1404 0.0270962
-0.00780304 12.0516 0.0443293
0.183314 12.2003 0.018093
0.450824 12.2943 0.0247853
0.416918 12.373 0.0121819
0.517027 12.3491 0.0141902
0.538851 12.5722 0.0243402
0.386414 12.6674 0.0334612
0.248088 12.5213 0.0362254
0.319558 12.518 0.0312615
0.42245 12.3272 0.0241075
0.307933 12.4207 0.0259431
0.0719567 12.4607 0.0147099
-0.390917 12.3896 0.0223696
-0.629179 12.3296 0.0183493
-0.800435 12.1767 0.260907
-0.678678 12.2846 0.0144683
-0.519278 12.1796 0.0193137
-0.534944 12.2397 0.018564
-0.505078 12.0228 0.040864
-0.773822 12.0021 0.105855
-0.759238 12.1195 0.0145283
-0.988034 11.967 1.32953
-0.661941 12.3386 0.0158465
-0.661941 12.3386 0.0120714
-1.04783 11.9529 0.013351
-1.05983 11.8209 0.0333181
-1.27674 11.7417 0.0132757
-1.00481 11.8274 0.0311101
-0.912138 11.6035 0.0401099
-1.22469 11.5002 0.233626
-1.2545 11.6778 0.0162169
-1.4025 11.5094 0.219908
-1.37955 11.2572 0.27396
-1.45186 11.2624 0.0141264
-1.4619 11.1893 0.182325
-1.3712 11.2425 0.0136642
-1.3712 11.2425 0.0135853
-1.43927 11.0711 0.32884
-1.45081 10.9779 0.0622476
-1.50632 10.9157 0.121394
-1.47577 10.9197 0.109411
-1.46604 10.9155 0.0418139
-1.49673 10.8628 0.116711
-1.44679 10.8708 0.0954263
-1.48963 10.7579 0.101848
-1.47355 10.7525 0.0915489
-1.48572 10.6858 0.0891189
-1.437 10.6526 0.0884986
-1.39708 10.6789 0.0967384
-1.41369 10.6231 0.10956
-1.42832 10.5499 0.127269
-1.39712 10.5424 0.0986053
-1.36008 10.4521 0.190915
-1.42713 10.4397 0.110732
-1.34052 10.3992 0.170631
